5.416457456456733599e-01 -6.394138657631431855e-02 -5.878322727633391587e-01 6.707518255538120755e-01 -9.945415712088869764e-01 6.317314911642710751e-01
-4.939561075880713581e+00 -4.820431738384813869e+00 -5.393619553941317868e+00 -5.103785588430081788e+00 1.017427587992107263e+01 -6.955908850681158384e+00
-3.528207585316439854e+00 -3.040760551009756618e+00 -2.867391927209097524e+00 -2.914639187927410724e+00 1.459660022298943005e+01 -4.560799913868899935e+00
-5.877319635007319576e+00 -5.521568044185258373e+00 -5.597603069051960034e+00 -5.431946346519900715e+00 1.127401425580785954e+01 -5.360014172958076806e+00
-8.416860446502667514e+00 -8.728678622763709427e+00 1.463439905645232297e+00 -8.794042416701145726e+00 -1.027390102901283697e+01 -1.020741200539245597e+01
-6.252515126299482695e-01 3.572760571041706523e-01 9.587371165912079718e-01 -1.127912911679209707e-01 6.123843715690733269e-01 8.611669581350489544e-02
-9.343025845951682840e+00 -9.437227754384201361e+00 1.533154396130515851e+00 -9.295841486387807606e+00 -1.406531147499860701e+01 -1.304197618600260355e+01
4.761661022182725134e+00 -8.292398071061885645e+00 -8.099573830861022117e+00 -7.866987383316891957e+00 -7.919619657437304561e+00 -9.435029650915994992e+00
1.014601263972424405e+01 -5.684343004150358425e+00 -5.665986726682096908e+00 -5.649658238601796612e+00 -9.093236278318091337e+00 -9.495077554381675000e+00
3.660146111759650989e+00 -8.000612973361288738e+00 -8.071333975144259654e+00 -8.094100445268155752e+00 -9.467210623843971717e+00 -1.043831824792993324e+01
-7.914591776437622794e-01 4.979299602154600990e-01 1.598888461351810619e-03 -5.390732794004047257e-01 -2.193281996537852496e-01 -1.191110676393967172e-01
6.657797214613381698e+00 -8.150573087521408411e+00 -8.426736298715134410e+00 -7.960443312863083598e+00 -9.845499335783184591e+00 -1.012035801900116994e+01
-8.326903865554932338e+00 -8.503364030145649011e+00 3.699745372477460048e+00 -8.319144799419557756e+00 -9.768912836766022068e+00 -1.080985438519555686e+01
5.305378511460894231e+00 -7.621315668710183289e+00 -7.688629946697361106e+00 -7.622131970779949306e+00 -1.057221434899384604e+01 -9.590916533236825359e+00
3.631057892574434121e+00 -7.702761722593844951e+00 -7.660523103216178242e+00 -7.567639919329507414e+00 -9.103985352173680212e+00 -9.878681146060447560e+00
-5.597548207923244146e-01 3.693730774421177809e-01 1.540868744520018652e-01 6.568170318139721076e-02 -4.614318688721918971e-01 5.177803845963009355e-01
-7.304802347599815837e-01 -5.568148532668488748e-01 -5.274502389443973538e-01 -4.465431735444704842e-01 -5.095219855675727771e-01 2.066404430729826913e+01
1.128714735345563014e+01 -4.408035751993202744e+00 -4.139381373733165503e+00 -4.199515618417367868e+00 -5.601778667563976910e+00 -4.039214053374258206e+00
1.575414163938326340e+01 -2.178529282072627637e+00 -2.413674887037224437e+00 -2.496104602636503245e+00 -4.455815780430151918e+00 -2.314876981232810493e+00
1.239799419778571732e+01 -4.414488384322441838e+00 -4.655834687383974213e+00 -4.504705353123616973e+00 -4.677016409031166333e+00 -4.357648446754801341e+00
1.151243421983836335e-01 5.172183655645377076e-01 2.139955591962992010e-01 -9.594415592821992078e-02 4.940226641787908157e-01 1.808369730046823776e-01
-5.907026818270260549e+00 -5.649159719397566448e+00 -5.803248898965642333e+00 7.758211204084635604e+00 -9.126669493262909327e+00 -5.767395061283124846e+00
-3.445278207336671894e+00 -3.644446857666533646e+00 -3.452840290380083665e+00 1.345063422075953596e+01 -5.238463895973350049e+00 -4.336009541533292655e+00
-6.027720449663576119e+00 -6.295057352012007001e+00 -5.916382843786106349e+00 1.005257693761127058e+01 -9.601973742597721184e+00 -7.710942437246548486e+00
2.738928617808880972e+00 -8.304052262939293882e+00 -8.180112143131729852e+00 -8.408538585449548464e+00 -9.256136464306500500e+00 -1.295922013860317534e+01
-8.947536574506544937e-01 3.934278099223293967e-01 -6.175481554009394358e-01 -6.855825883307338220e-01 -7.878965156168062922e-01 6.869832318414423877e-01
2.602642176722238965e+00 -9.429195296578253505e+00 -9.415028434040138450e+00 -9.370465017879993752e+00 -9.682188939036613817e+00 -1.222275996005031828e+01
-7.954046055203437326e+00 -7.963755354280158905e+00 -7.969883548183356758e+00 3.640250997351964113e+00 -1.031315148408700466e+01 -1.059772561197671692e+01
9.118508218882283245e+00 -6.042952118111209359e+00 -5.842686671050948632e+00 -5.939845114547262384e+00 -9.377976424232778996e+00 -9.783856561799908036e+00
4.761863523274647569e+00 -7.844845305366819233e+00 -7.974187584885066293e+00 -8.204756349587244202e+00 -8.448394767781641335e+00 -7.839734927321003077e+00
-9.012726168049505215e-01 7.647184484458109388e-01 1.610331823471555790e-01 6.385404519471573614e-01 -1.965488122613536781e-01 -2.713102427152012108e-01
5.816251750142930277e+00 -8.456739127259002231e+00 -8.212031175507252811e+00 -8.333241681626862629e+00 -1.038232745226599008e+01 -9.579221199068570058e+00
4.826363063286141397e+00 -8.266003693056706680e+00 -8.195385230009730293e+00 -8.365479660774266080e+00 -1.074113651175415640e+01 -1.078417211524633501e+01
4.343961230252990191e+00 -7.491960806438960674e+00 -7.440088033976254067e+00 -7.609198829345331205e+00 -9.521407181599212066e+00 -1.047104469553544526e+01
4.432469347952633143e+00 -7.402466140658997773e+00 -7.241276635167307241e+00 -7.652437781361266289e+00 -1.025044092096181103e+01 -1.012909264943325383e+01
7.281016584513078094e-01 2.259259339182773108e-01 -6.959132697529899492e-01 -9.774054037119022098e-01 -3.555230451610436049e-03 1.769125357405032517e-01
-8.178196401643510471e-01 -1.056537485417335498e+00 -9.485867472394465816e-01 -9.424034353539223474e-01 -5.183491245856044038e+00 -5.442403372342753620e+00
1.492797788681792248e-01 -3.935985480336070097e+00 -3.943931727396163822e+00 -3.701094824267650019e+00 -4.108516900850517573e+00 -5.892156666757681016e+00
-2.065736423942011957e+00 -2.123249791985529100e+00 -2.366961923018703562e+00 -2.467384686755947687e+00 -7.778558809289551235e+00 -4.831901816253568960e+00
-4.260784598197977502e+00 -4.195152544396984595e+00 -4.212490783802205208e+00 -4.275879662155980476e+00 -9.032579695567628519e+00 -5.231086695138731812e+00
2.910190232003675437e-01 6.551497204380802852e-01 9.548650997448628885e-01 -8.406337486794364100e-01 -3.876753960862844295e-01 -3.234167001298098310e-01
3.390234886845163054e+00 -8.779800577738697598e+00 -8.866867966380043597e+00 -8.748921439720191984e+00 -1.073877347845047936e+01 -8.746213864973572782e+00
7.890304572243013403e+00 -6.421649892556380301e+00 -6.317208753779830488e+00 -6.570722229882210996e+00 -9.220923837538922641e+00 -1.014754369342447760e+01
4.762253616336101558e+00 -8.736031132305019042e+00 -8.737067275310035797e+00 -8.665992260437665351e+00 -1.029573690367132599e+01 -9.166407349927393255e+00
-6.016365440679171783e+00 -6.102071376998710051e+00 7.949380592703789716e+00 -5.969942635696185107e+00 -9.468225170078820696e+00 -9.054895857020792249e+00
9.417369208131234348e-01 1.219093504502333225e-02 -8.385877878978518218e-01 1.507103797357509656e-01 -7.825444787262538782e-01 9.896442522363142480e-01
-6.741454143272974875e+00 -6.434233745817735439e+00 7.862465876843280910e+00 -6.629068995520805530e+00 -1.115180243234249602e+01 -9.961733667833639672e+00
-5.580593868103019162e+00 -5.148183354772241316e+00 1.126633957398316355e+01 -5.348094301799688921e+00 -1.005951701128645226e+01 -7.644963728387688562e+00
7.993629388926715151e+00 -6.926950685525843809e+00 -6.947662133411067309e+00 -6.903263369621256196e+00 -9.793742973531202267e+00 -1.079265493859882241e+01
3.726893230245586608e+00 -1.007305784769721413e+01 -9.865843214341634138e+00 -9.943351460062508806e+00 -1.028858492384846812e+01 -1.367978265865217935e+01
9.475295148281264179e-01 -8.723222991152073114e-01 7.006423932853456105e-01 -3.900721167404430645e-02 1.886493472486969747e-01 -4.344121667649023522e-01
4.758414005879654241e+00 -8.868854711995645346e+00 -9.276063841735362914e+00 -9.133832138911571974e+00 -1.066435847974078044e+01 -1.014649106052853256e+01
5.847321984583704335e+00 -7.168203813798909252e+00 -6.958709218539937957e+00 -7.028247531999618047e+00 -9.066581692703699957e+00 -8.354601783200862997e+00
7.573127933171392989e+00 -5.638021169765917051e+00 -5.689728190372959737e+00 -5.632108454384518126e+00 -1.025588674029319947e+01 -5.853427241405404935e+00
-6.508225326033993952e+00 -6.786946888218796659e+00 5.730111455241612362e+00 -6.784159233484299278e+00 -9.633007726830175699e+00 -9.004802107058043958e+00
4.366194504073228622e-02 -1.187339526557855685e-01 -9.961470442244475532e-01 -3.565325204072811172e-01 -4.276480715958217438e-01 -6.485313934923908619e-02
-3.306833365147929804e+00 -3.258630996201866026e+00 -3.252602198756962881e+00 -3.395395776077879457e+00 -5.981653642468079290e+00 -5.795247429496338754e+00
-7.151104205528571178e-01 -8.181957447971716091e-01 1.562885555439165852e+00 -7.325466586597637608e-01 -4.893491442785543377e+00 -5.185857139012185257e+00
1.345063422075953596e+01 -3.386334508291635181e+00 -3.346500305632157168e+00 -3.162548855642302037e+00 -5.610784587533224510e+00 -6.728380132138697789e+00
-2.496902441292870201e+00 -2.616554530034650661e+00 -2.780057904210572861e+00 -2.410517195722670536e+00 -5.899974572823345476e+00 -4.915306846167007748e+00
7.752345115546535048e-01 3.311072990692471851e-01 9.473040687839333618e-01 -9.161626789548684702e-01 -1.843521749871530613e-01 2.910498558366425570e-02
2.679592490052651321e+00 -8.821204362490808748e+00 -8.971153444347812922e+00 -8.985353362673357935e+00 -8.715771644294781240e+00 -1.063368115573684847e+01
-6.675349681143761593e+00 -6.804699831539362087e+00 -7.112914303154539652e+00 6.801602992252249180e+00 -1.049006575619243975e+01 -1.025933470322946484e+01
-9.001364325472110295e+00 -9.299103114617384591e+00 -9.395504005419304860e+00 3.705316700840612931e+00 -1.286437205828088359e+01 -1.389920674095985476e+01
-5.784881844970172438e+00 -5.570580405117976142e+00 9.126306690719967918e+00 -5.762115673320870712e+00 -9.991933885839348051e+00 -5.606150228511116218e+00
2.810637347575821732e-01 3.529332880787776627e-01 -2.877909301551069277e-01 -5.039421470019294080e-01 7.992003371991709404e-01 -6.872769464311978549e-01
-6.274667851178956646e+00 -5.895312488255923355e+00 8.980226564431063707e+00 -5.975721670623920900e+00 -1.001734317568844546e+01 -7.698065517034136107e+00
-4.858361594668400230e+00 -4.855495852354360764e+00 1.239798641343754326e+01 -4.551424572997244233e+00 -9.411314637256044335e+00 -5.137108771977579202e+00
6.952464572199088089e+00 -7.498234991665592375e+00 -7.562490810111505368e+00 -7.266171670048970910e+00 -9.422029189142911321e+00 -1.018031656132407647e+01
-1.008987408159815047e+01 -1.047951041040753495e+01 -1.024201625452849918e+01 2.689330854747973731e+00 -1.060354668903724118e+01 -1.426285209647416075e+01
5.074769809431476375e-01 -9.416536807114517238e-01 5.094624323845491354e-01 4.766537909363079972e-01 -9.093853320717317779e-01 2.395836763311678386e-01
3.714384996173890841e+00 -9.382170822701741741e+00 -9.314533847992102267e+00 -9.349045448220870469e+00 -1.023799595692515396e+01 -9.256802983835342502e+00
6.818923917132851287e+00 -7.117644705877192557e+00 -6.733750010701526456e+00 -7.097962511226652893e+00 -9.313821181314807518e+00 -1.068025286020845499e+01
9.072391825799588361e+00 -5.667436924453060243e+00 -5.352565165210542375e+00 -5.640191177519042753e+00 -9.496337437608865173e+00 -9.543929763054299187e+00
6.811520048294885221e+00 -6.403255260332286980e+00 -6.352499648601269477e+00 -6.550082398048949983e+00 -1.029218360907664476e+01 -1.094610645888805145e+01
-8.089988839072348448e-01 -5.157070926566498237e-02 6.635649093455810998e-01 -2.236351045305833285e-01 -6.479983501941461999e-01 -1.642680611414928382e-01
1.246677443714641242e+01 -3.385167417807630752e+00 -3.459821190537792912e+00 -3.481704119010708531e+00 -5.820914401663410231e+00 -5.740028365321087733e+00
-7.743843762054635205e-01 -5.528001914584377285e-01 9.637677778013236107e+00 -6.905733727502989527e-01 -7.348898289579532950e-01 -4.321846055288288468e+00
-3.695844952441055931e+00 -3.860525733075003796e+00 -4.016756498641839812e+00 1.231612787855193858e+01 -5.143124754379596375e+00 -4.841961502010695639e+00
-2.733408663731631272e+00 -3.054569872949918441e+00 -3.398917699904868694e+00 -2.762692300648515342e+00 -5.505232935630330005e+00 -5.113113618182620890e+00
-5.210195909232140377e-01 -9.204531441303833716e-01 -6.312991487872705587e-01 -7.783404789577175187e-02 -9.304320494332307678e-01 5.168539737352559893e-01
1.507237660881009411e+00 -9.280937563829690262e+00 -9.203806888566465005e+00 -9.230687222949367055e+00 -1.076807018361139434e+01 -9.670271730255333154e+00
5.653781414797062865e+00 -7.450923333836616536e+00 -7.414800832696818667e+00 -7.298741232947968172e+00 -1.073589849876003299e+01 -1.069186438732017663e+01
2.520630025047075229e+00 -9.515003206073490816e+00 -9.641459491114719782e+00 -9.446212431096286721e+00 -9.834615600707385497e+00 -1.310890868820459332e+01
-5.094075457045857291e+00 -4.828568907341791672e+00 -5.098694386249521315e+00 -4.896204958537285101e+00 1.022868562584719854e+01 -5.414153603729925379e+00
-1.163100126732539152e-01 -5.737611135323033018e-01 -1.542595263230146507e-01 -8.773557839705301564e-01 4.895755890916473341e-01 6.105894810871801415e-01
-5.619965884589948502e+00 -5.224028182882424431e+00 -5.385990752712213947e+00 -5.360946294527426659e+00 1.008103693376875398e+01 -5.937987234714546148e+00
-4.027200623038726057e+00 -4.000806815265832483e+00 -4.024961142764301947e+00 -4.286568733873380666e+00 1.353332747251082679e+01 -4.398046436936378534e+00
-7.781181182655969586e+00 -8.030887224981739791e+00 -7.751672594762734292e+00 5.791737689349715446e+00 -9.346607196506990789e+00 -9.270230679255369921e+00
-1.067750899537210785e+01 -1.055094338166550827e+01 -1.052701514905723457e+01 1.519458344398847194e+00 -1.259047711767394340e+01 -1.448863470340816306e+01
-2.306960318962425482e-01 -2.584622435895977954e-01 8.748691285307208521e-01 -9.720835385612764945e-01 -2.418806234307135927e-01 -1.292069805462687793e-01
-9.682775915560021929e+00 -9.534019238978007849e+00 -9.792700252915350845e+00 2.658930871107813232e+00 -1.068470178323766007e+01 -1.055750085266026872e+01
5.864373806692706026e+00 -6.431853802097050377e+00 -6.714762840249969500e+00 -6.565762939867822112e+00 -1.093959437404773638e+01 -1.022949768949737503e+01
-5.359240296181563501e+00 -5.777258029842029075e+00 -5.775785928551504966e+00 7.943981517510504631e+00 -9.644515628704574794e+00 -5.732788746954892822e+00
-6.485215831138706477e+00 -6.612337986857747651e+00 -6.557936838706622140e+00 5.695638721444996833e+00 -1.019219729826999377e+01 -7.943987573453332729e+00
4.648097091698482064e-01 -5.283352159086556199e-01 -9.387821047090936233e-01 -8.046192239707623539e-01 1.142399227017898422e-01 -9.891024338505363112e-01
-4.054578623720921371e+00 -4.449986206258805588e+00 -4.450034516218313918e+00 1.134210669277494787e+01 -5.808894879850591941e+00 -4.624205675993406928e+00
-3.805047795343368122e-01 6.033124322057648037e-01 -2.041827704478056393e-01 -5.572099023329868395e-01 4.860785339821313222e+00 2.060448358627630938e+01
-4.435480009410873947e+00 -4.819054944266298435e+00 -4.769845629652740726e+00 1.119296659976641806e+01 -9.126586737270610428e+00 -5.155474219503052069e+00
1.468012876011194834e+01 -3.420579739278453602e+00 -3.215075121646272294e+00 -3.244993666751897265e+00 -5.552826822894926906e+00 -3.336017762472880843e+00
-3.180434439970860616e-01 -9.638238378800001449e-02 -1.117607085864236183e-02 -3.637784367134937469e-01 8.734661367608367311e-01 -4.382831574397356711e-01
-6.129648601570233168e+00 9.072533121121860944e+00 -5.632595357131094715e+00 -5.566207990456781829e+00 -9.934113761962379385e+00 -5.988937317349415146e+00
-4.085250472093852281e+00 1.345063422071241277e+01 -3.651623185346470457e+00 -3.825475985762703424e+00 -4.926175782887913357e+00 -7.601676819903712357e+00
-6.061371765756443430e+00 1.016127411324978169e+01 -6.327691972485292027e+00 -6.180479833575191151e+00 -9.748207138770625946e+00 -9.832037137948280048e+00
-8.113923642657590918e+00 -8.133896150163712591e+00 2.673427880076664209e+00 -8.241605381009360798e+00 -1.277835007385003507e+01 -9.112367627504209366e+00
4.639685234361314858e-01 -5.092445331609265491e-01 7.565804454810387547e-01 -5.032374475966450156e-01 5.761969454121045331e-01 7.147908320685254502e-01
2.555592077583185961e+00 -9.131103710307858279e+00 -9.197246424107081708e+00 -9.564501201097812100e+00 -1.057924294348203631e+01 -1.033944490107491632e+01
5.820480084851952896e+00 -8.092473522122187291e+00 -7.893952363833797392e+00 -8.132327048426262195e+00 -1.041947426199452487e+01 -9.316148181855204768e+00
1.134132876037779525e+01 -5.115232662128088137e+00 -5.207193531261847141e+00 -5.036024481316072610e+00 -9.674037479621432567e+00 -5.774001281348742687e+00
-7.614539757121923991e+00 -7.498664742840349007e+00 4.774369616074002565e+00 -7.591547155883535680e+00 -7.606282927134875749e+00 -9.387001901879354904e+00
-3.184889425031796062e-01 2.250301265126974926e-02 -5.797863655810471251e-01 -9.275386089682924329e-02 6.608424518726128127e-01 6.365425791463310556e-01
7.969064758371418478e+00 -7.654273408958543357e+00 -7.716808507569196784e+00 -7.375027617482452946e+00 -9.369516002848694569e+00 -9.560206059265254908e+00
4.815672892543958916e+00 -7.976769822646726738e+00 -8.120863839603391199e+00 -8.239646271366732222e+00 -1.071539527632478794e+01 -9.186712479271385234e+00
-7.224854674030041224e+00 -7.367993965583973903e+00 6.900674656859603573e+00 -7.347479098765370864e+00 -8.898058923645944418e+00 -1.092648183019651853e+01
4.685964376948851928e+00 -7.350802872580054270e+00 -7.110477507888759874e+00 -7.055364376422822659e+00 -9.129917027985449351e+00 -1.080850963915003504e+01
9.134326376432755357e-01 5.226339277726317345e-01 -2.327101054316376150e-01 8.391743725288813849e-02 -5.238074853624714589e-01 7.859964552364195889e-02
-8.784486902241273043e-01 1.945740386422528445e+01 -1.036570447518014415e+00 8.654449780350532251e+00 -5.841628195639978482e-01 -5.290421252182826883e+00
-3.411177564087007674e+00 -3.732231424403306352e+00 1.241125995298548546e+01 -3.778480120296458189e+00 -5.845927215462484838e+00 -5.563041946859725861e+00
1.692337539331642660e+01 -1.842490398710037169e+00 -1.956709445478846732e+00 -1.599361636521995145e+00 -4.153045594904750004e+00 -5.302555691411068750e+00
1.353332747251082679e+01 -3.997458806313630042e+00 -3.944175236841290566e+00 -3.708625094185024729e+00 -5.089123359864609064e+00 -4.055939617573478984e+00
-7.154183368371616059e-01 -3.871591968307765974e-01 5.812466326321250598e-01 2.646388312176060076e-01 -4.434129181727370916e-01 4.231573511059116832e-02
5.740165422494557745e+00 -6.201310845478667844e+00 -6.334209595289133077e+00 -6.061350957355004176e+00 -1.036102164663072855e+01 -9.134951098101204536e+00
-4.045091210492368639e+00 1.231612787855193858e+01 -4.251390887480374303e+00 -4.029708471725329311e+00 -4.669961933385294195e+00 -4.813785273809610743e+00
-6.969841092195475873e+00 -6.468653011281328524e+00 -6.747113242455140991e+00 9.044640214371225895e+00 -1.024948900794893447e+01 -1.081345322762275352e+01
3.778119384952481674e+00 -8.159241008902693437e+00 -8.297524644221077494e+00 -7.937255970419095696e+00 -8.717572079288311571e+00 -8.596263585252089001e+00
1.351073446241941589e-01 9.162830679975013659e-01 -4.373804610158116279e-01 7.685929323089610854e-01 -8.127009544328702706e-01 -8.995840237043153387e-01
3.639110716089851039e+00 -9.198719735949154597e+00 -8.879095634945144866e+00 -9.199488569388856618e+00 -9.074861084005377165e+00 -9.909714451648181210e+00
6.837342185101917380e+00 -7.511965784215364650e+00 -7.871889608679061290e+00 -7.469506019122521323e+00 -9.096979484873246591e+00 -1.021045733545307854e+01
1.022868163279014375e+01 -5.845490288242327637e+00 -5.463047416549809299e+00 -5.600758377921847497e+00 -5.424308526468437641e+00 -1.033074904719954645e+01
5.832969814859836788e+00 -7.679188878087082060e+00 -7.676222656055890603e+00 -7.420695263797532526e+00 -1.058537042772718095e+01 -9.047649161205063351e+00
-2.344726097993490299e-01 3.019747078521717309e-01 4.528373092324653459e-01 5.123802836596831334e-01 -1.463782388543357627e-01 7.660915762372910720e-02
-7.682245252525736312e+00 -7.970450586677890747e+00 -7.840688005968956098e+00 6.889372803531945699e+00 -9.222379210947639905e+00 -9.443309198438322838e+00
5.885235586381639905e+00 -8.130641924412872257e+00 -7.674675845044706790e+00 -8.011313930327254695e+00 -9.298751707036243985e+00 -1.173761571057957731e+01
7.981807783725249017e+00 -6.985086985274942428e+00 -6.719871211791338617e+00 -6.989150693908733558e+00 -1.081120984300391896e+01 -1.302455191288211545e+01
5.741438618901167246e+00 -6.987714724784283682e+00 -7.039812185295861724e+00 -7.034751281569704418e+00 -1.004019485108789489e+01 -9.232393500526850261e+00
-8.038756077662181365e-01 8.573298246929115241e-01 7.093777555340596841e-02 9.257255734543836656e-01 -2.379124807237673611e-01 8.454857324097122540e-01
-7.212806767293598043e-01 -9.359147722839740169e-01 -9.885397551042616193e-01 1.826282982558303303e+01 -4.718303953757694735e+00 -5.135361166359360574e+00
1.354672722523786632e+01 -3.110995945233422155e+00 -3.357983255964810176e+00 -3.365615830087046678e+00 -5.056902985839045961e+00 -8.029445286405310966e+00
-1.810867673593363536e+00 -1.824499008695743552e+00 -2.016606876094258816e+00 -2.070570870250047157e+00 -4.590153577146915076e+00 -4.278323570702974976e+00
4.736403565585863618e+00 -4.055335017964887712e+00 -3.916450352610568508e+00 -3.667605504279410233e+00 -5.586798453137456377e+00 -5.212828576426121074e+00
4.510974784212913313e-01 -5.099091960289268144e-01 6.362066032907425228e-01 -6.116315295423668807e-01 -8.331630290125866534e-01 -8.508876741184114856e-01
4.774640116742485674e+00 -8.249134233167488617e+00 -8.387113476240353194e+00 -8.282297230084184392e+00 -9.118390383487415818e+00 -9.884109507112494697e+00
8.980226235898292941e+00 -6.035169433829538299e+00 -6.185158435084982642e+00 -5.860921075999021568e+00 -7.279923027300512217e+00 -9.471989104429868078e+00
5.820480369704027268e+00 -8.058325587293939662e+00 -8.339394254784567195e+00 -8.382583574036768681e+00 -7.011920977311378422e+00 -1.080756198964905934e+01
-6.128619363678303067e+00 -6.139461913412863403e+00 6.954783434073906534e+00 -6.445830525887158657e+00 -9.606062995720794362e+00 -9.538749187152850695e+00
-3.989697302530235135e-01 -5.567617441797307887e-01 3.874558118598896428e-01 -6.663038970200592104e-01 4.228400680766242203e-03 -8.273644380998910197e-01
-7.132076731389053847e+00 -6.724501706458297257e+00 6.811520055798885309e+00 -6.790780409992814626e+00 -9.385491639215857163e+00 -9.162615894256028071e+00
-5.545647899886454013e+00 -5.552200618784301156e+00 1.016127411324978169e+01 -5.397302541342622995e+00 -1.026615871443005190e+01 -9.397861532996701683e+00
9.126398769584682213e+00 -6.624705015829466248e+00 -6.711382827142837293e+00 -6.642609447172601378e+00 -1.066323350521338043e+01 -1.067087520285924285e+01
4.774640115171880694e+00 -9.207680659059590766e+00 -9.705007600974541404e+00 -9.288471258921674689e+00 -1.331615641569671737e+01 -1.378997967036787031e+01
-1.124791172902843694e-01 -7.785050247506610788e-01 2.256610212395426807e-02 2.766901084419617352e-01 -4.802939034017814635e-01 -9.088662796100779317e-01
5.820477607105416951e+00 -8.634101693705591885e+00 -8.642437252214797638e+00 -8.841731435041236153e+00 -1.091354282307351298e+01 -1.062924645443745675e+01
6.954777133614033602e+00 -6.304189243662005282e+00 -6.548376478229208431e+00 -6.341968887875196081e+00 -8.929028346785951697e+00 -1.013255015946342041e+01
-5.661716019330269134e+00 -5.723832268159747549e+00 9.068026391638074557e+00 1.302510397637136386e+00 -7.866975660708436457e+00 -8.128559838807396076e+00
-6.201261693338410375e+00 -6.374023907116908916e+00 6.716598713932889986e+00 -6.445484168757307231e+00 -9.081882261850974913e+00 -1.026796209471020660e+01
2.092868964979335278e-01 -8.818947068377713805e-01 7.208493252396128703e-01 -1.403526202552016766e-01 2.686695841025614762e-01 -2.819906183823106538e-02
-4.714357415882384217e-01 -2.799624589279465781e+00 -3.092475009384139994e+00 -2.690231637757461769e+00 -5.306736003437087845e+00 -5.240857150486951888e+00
-1.655615252524483605e+00 -1.098283151386941103e+00 -1.257888988870728308e+00 -1.091620414797578320e+00 -5.889571539755358742e+00 -4.149705599652361521e+00
1.459660022298943005e+01 -2.832649921544761362e+00 -2.987900103318268830e+00 -2.751574413857942325e+00 -4.241861985688923475e+00 -5.723110765223945684e+00
-4.059330277313051294e-01 -2.411952115287117504e+00 -2.407815845008101086e+00 -2.281923750316347643e+00 -5.902385114002066224e+00 -7.783342240829952630e+00
5.883761262989606333e-01 4.809474345634014991e-01 7.814887769589893285e-01 9.102019260461444716e-01 9.389420147939595562e-01 3.753196801890201773e-01
-8.212048446283416681e+00 -8.535464271934126046e+00 -8.665228919362030879e+00 3.726893714219630116e+00 -9.371128622858879709e+00 -9.757579267082221008e+00
7.890424226511496109e+00 -6.728841152205050413e+00 -6.511239106821574474e+00 -6.434913855921649883e+00 -9.008892941507841812e+00 -1.038502338788025270e+01
-8.455374972820143498e+00 -8.872908580869435013e+00 -8.595658245361192940e+00 4.762275566004507965e+00 -1.074571829766158260e+01 -9.749311578826127089e+00
-5.985773098785839963e+00 -5.775449291050309242e+00 8.035134781892836031e+00 -6.149729971701362707e+00 -9.499326373637885013e+00 -9.770811083627755522e+00
3.110411045135759167e-01 8.139480828895726550e-01 -2.225159461944474781e-01 1.289856884218609778e-01 -2.114109293594286232e-01 -5.061300306756755241e-01
-6.672252500669200614e+00 7.890424298786752999e+00 -6.551624295199799164e+00 -6.680637293957257583e+00 -1.032296965117347654e+01 -1.073391562929673526e+01
-5.563553171688631060e+00 -5.080617018157921549e+00 1.127401425580785954e+01 -5.303315476262399741e+00 -9.790599237414941314e+00 -9.877656938828511812e+00
-7.070844144162048650e+00 -6.996147933774301997e+00 -7.262301374576971114e+00 8.035126649132358523e+00 -1.067279429657308754e+01 -9.610129557536382094e+00
3.620903381625090844e+00 -1.023666400558785128e+01 -1.024394282009907187e+01 -9.708672733044068082e+00 -1.299919058150087636e+01 -1.337166813511415597e+01
-6.769584066234515252e-01 -8.268878186574839528e-01 -2.480126470251380333e-01 -3.263595619556181049e-01 -2.580611643518926357e-02 -6.230140684834037934e-01
4.762275558910978646e+00 -9.013294182001704513e+00 -8.938505679264999060e+00 -8.695696708323016111e+00 -1.053223356892341656e+01 -1.021273967033232033e+01
8.033410514704854677e+00 -6.348202958702247045e+00 -6.491617985104646493e+00 -6.343418303361631594e+00 -7.800300229343422487e+00 -9.139403946639024667e+00
1.017427587992106908e+01 -5.079627216180656823e+00 -5.107934336686987820e+00 -5.264998716265075096e+00 -4.860671170000987473e+00 -5.055711515006114709e+00
7.890424298786738788e+00 -6.005753573060664152e+00 -5.716736743124805287e+00 -6.236335618058950203e+00 -1.057146632952767007e+01 -1.005979225086915640e+01
1.086240363560673217e-01 -6.708876417579376916e-01 5.686525262877908382e-01 6.996431684831621034e-01 -8.365625458132588399e-01 -9.367616372135212366e-01
1.360280246176405328e+01 -3.242660068529076511e+00 -3.479488991732221592e+00 -2.949562182181137970e+00 -5.101524113755814938e+00 -5.745767451441092355e+00
-1.235408948750450708e+00 -7.696462552425860082e-01 5.748964058143885225e+00 -1.351755453922812045e+00 -7.737332139789427909e-01 -5.583731058189586705e+00
1.649506175085508453e+00 -3.192408746651485885e+00 -3.713833581933887018e+00 -3.208622653582500206e+00 -5.261258229904644423e+00 -5.389490308304869082e+00
-2.241666792898792337e+00 -2.308891052373254649e+00 -2.722310356147782606e+00 -2.622114498390079262e+00 -4.460235838370381956e+00 -4.767065165427377238e+00
7.736947313048012642e-01 -1.869209931178126283e-01 9.223304437338075701e-01 8.323030968345941361e-01 -8.407725147150491019e-02 9.196677015537726430e-01
-8.907828541231758379e+00 -9.179734382971521001e+00 -8.987894032742421047e+00 2.688593888907573337e+00 -9.236058542337174160e+00 -1.039243334652684680e+01
-6.907831212489877970e+00 -6.944602401976904815e+00 -6.632063868606600465e+00 6.811447667383878191e+00 -9.136759986050442706e+00 -9.759956347006966126e+00
-8.690885456791960451e+00 -9.029488149343624315e+00 -8.985218668787751994e+00 3.714652805781644584e+00 -1.083043966513774947e+01 -1.297509948866336416e+01
-5.375963961346476694e+00 9.126398769588725202e+00 -5.265643448054991183e+00 -5.287177605646339984e+00 -9.275884726109127953e+00 -5.130877625773133666e+00
2.358919654881181938e-01 -9.587245801324464356e-01 -2.671239766270625537e-01 -6.081464982764659410e-01 -8.549216912606067975e-01 -1.421105484363738292e-01
-6.726080911055001721e+00 8.980226564431063707e+00 -6.319491906426733863e+00 -6.510265831478521115e+00 -9.276829683089243161e+00 -9.857298181643514567e+00
-4.614251329850544536e+00 1.239799419778571732e+01 -4.958332764203193577e+00 -5.051441364384670507e+00 -4.821864316819991281e+00 -5.487285003330517164e+00
5.313169826006371999e+00 -7.670199770916674709e+00 -7.678030293497267067e+00 -7.536151119245371177e+00 -9.395820398604890045e+00 -9.398333792096373429e+00
2.279147532997001235e+00 -1.049882498887563287e+01 -1.057334278100010749e+01 -1.037460264134258381e+01 -1.350335552251086213e+01 -1.489339274796283163e+01
-5.158341177297223190e-01 4.562458958536772524e-01 2.977086123509711246e-01 5.077284483418451622e-01 -6.878783930564429383e-01 -6.442813254010673063e-01
-9.227914127375118625e+00 -9.723890781631011393e+00 -9.576378003291242891e+00 3.610404011432137406e+00 -9.937059718196318059e+00 -1.049366491884040187e+01
6.954780836769772989e+00 -6.382178783849555614e+00 -6.524832517032038481e+00 -6.264550878303376535e+00 -1.006931427481121943e+01 -1.004454310679713203e+01
-5.263699741740449412e+00 -5.090748571222672325e+00 -5.280227350078763315e+00 9.068267530287663192e+00 -9.522636056146119188e+00 -7.787221475707558405e+00
6.797035212837499785e+00 -6.338588904496116783e+00 -5.764209004302295547e+00 -5.990904535030259659e+00 -1.003687202693933145e+01 -1.053418444142377552e+01
6.587652720643655258e-03 -4.637996123742949006e-01 -3.876532159298802238e-01 -1.471313760889803035e-01 5.479945028638122384e-01 -3.857445295241950234e-01
-3.398862756945546515e+00 -4.109289965948232926e+00 -3.491114888118500126e+00 -3.599698201514772933e+00 -5.641164829234952549e+00 -4.487779665628506720e+00
-4.441465106538240448e-01 1.939843875041354693e+01 -3.639122219855153162e-01 -4.505208497953195890e-01 -9.508675136937827510e-01 -4.429107448628201382e+00
-3.928692369253556471e+00 -4.021248972599092752e+00 -3.941751909840271573e+00 -3.805743579889746542e+00 -4.046430094182301040e+00 -5.682665058251725299e+00
1.583851389910297769e+01 -3.002660429895110727e+00 -2.710848665181480932e+00 -2.540657841226777958e+00 -5.237716959540506423e+00 -5.126736363504232230e+00
-5.554995663839559228e-01 9.211831282127791454e-02 -4.688552697570420591e-01 5.979306697648167912e-01 8.209200701187007176e-01 1.393569509585739219e-01
-6.802975168807805062e+00 7.981807789910641660e+00 -6.409286570839516806e+00 -6.561256673569319631e+00 -9.099006050542316260e+00 -1.051258985321946149e+01
-4.503465841030457995e+00 1.231612766966919992e+01 -4.521992581746581585e+00 -4.313738813591555754e+00 -4.504693749832910932e+00 -9.021771297197538786e+00
-6.414154934597607216e+00 9.059661372117282951e+00 -6.120391200326714909e+00 -6.476319901345839014e+00 -9.899271383053822149e+00 -1.008955425009026996e+01
-7.994627924735909552e+00 -7.704339228003465934e+00 3.777919138211150774e+00 -8.037518793321302368e+00 -1.089243433052446264e+01 -1.004660397122827931e+01
-2.559272645588810402e-01 5.641091927624202196e-01 9.777315679707807572e-01 -6.707691588057302923e-01 6.138104661993077915e-01 -3.045694631875535130e-01
-8.842532105188896097e+00 -8.927658711736116359e+00 3.639111094627841325e+00 -8.988406829478238436e+00 -9.986367368113979737e+00 -9.132550741669342997e+00
-8.101107371445078087e+00 -7.808945095984820561e+00 6.889374110812148899e+00 -7.785786415372413671e+00 -9.309902471453323614e+00 -9.279495755294803416e+00
1.246677443714641242e+01 -4.539149181411075595e+00 -4.547587433653204059e+00 -4.822671072481702126e+00 -5.669299739467731136e+00 -4.648258238232399364e+00
7.981807789910641660e+00 -7.164789518067501639e+00 -7.394998105093040230e+00 -7.108293835519767789e+00 -9.860454963474957424e+00 -7.803759748888384529e+00
-2.817583015156510662e-01 -6.633819380526384535e-02 -6.148125478719910220e-01 7.968926328963634731e-01 -6.056618951427825692e-01 -5.224696550544791762e-01
9.059661372117282951e+00 -7.080168594142261185e+00 -7.268518513881110366e+00 -6.663014041262816711e+00 -1.060301412509599217e+01 -9.062692936228462059e+00
-7.462735072083575005e+00 -7.726176968580183768e+00 5.885235596265244951e+00 -7.658219880724873363e+00 -7.789257915948678779e+00 -9.306350182901132584e+00
-7.287127420205997907e+00 -7.277350006922821635e+00 7.981807778211179816e+00 -7.106390247837682139e+00 -9.587985400785402845e+00 -1.013245518989807081e+01
-7.449593926366604890e+00 -7.126163748465739189e+00 5.743404855240869189e+00 -6.810809346982862778e+00 -9.271169001877922256e+00 -9.364834702738850325e+00
-3.629182535877066851e-01 8.207811464111558486e-02 4.791807891557551269e-01 8.781346094761470766e-01 -9.193926111304784321e-02 3.183861355618995415e-01
-1.636856954639029693e+00 1.826282982558303303e+01 -1.304226052466269437e+00 -1.698606295669027988e+00 -5.987723578512190947e+00 -4.177944373544179690e+00
-3.384127443880020181e+00 -3.428625299926103764e+00 1.354672722523786632e+01 -3.263328670469718418e+00 -7.366143630977177281e+00 -8.863218689915884241e+00
1.810441958920851135e+01 -1.103133332031946745e+00 -1.447662300494469090e+00 -1.282229803744271646e+00 1.896047118518159103e+00 -5.425147744874603717e+00
-3.675706850611931920e+00 -3.371662882014378582e+00 1.468012876011194834e+01 -3.943737187840915759e+00 -4.688670552200496111e+00 -4.312444072014026908e+00
7.992852328796842265e-01 -2.542398707547417480e-01 5.542567495779726627e-02 -6.612851687652581134e-01 -6.985852962790262133e-01 6.238838240189183981e-01
-6.962998317698482431e+00 -6.628543361937898837e+00 -6.762361628479657938e+00 6.901989712011534550e+00 -8.970681703801744789e+00 -9.435467459208634722e+00
-4.663883870892346906e+00 1.119296659976641806e+01 -5.107865231316276677e+00 -4.828868956537434087e+00 -6.728069028598872237e+00 -4.666597046324662657e+00
-7.039732810969393739e+00 -6.954014827771229257e+00 -7.155359228163723273e+00 7.969064758396109838e+00 -9.956201327894902420e+00 -1.089758645544895188e+01
-7.411589518343577154e+00 -7.751273979070896658e+00 4.826383243735834938e+00 -7.498827967264372063e+00 -8.365102425984451529e+00 -9.658404485456252075e+00
1.193625322826121771e-01 -4.097272549567738675e-01 -9.453888185545868961e-01 8.369132874740548012e-01 -8.523593852606412558e-01 5.401811839989583142e-01
-8.422892514652394524e+00 -8.507785010701290673e+00 4.685970806688487755e+00 -8.274169545237189283e+00 -1.077836577067533952e+01 -1.255239046828500271e+01
-6.931139924235813154e+00 -7.249148262143933152e+00 7.969064758396109838e+00 -7.303986512916434748e+00 -9.280720239643777347e+00 -9.227476962771405056e+00
-5.390648418100754569e+00 -5.570028964834244256e+00 -5.713120964029200444e+00 1.134210669277494787e+01 -5.402307934240530685e+00 -9.604388940511674022e+00
-7.820064093605745725e+00 -7.779004490776607383e+00 -1.690987215543303890e+00 6.901989712011534550e+00 -1.205088279106132276e+01 -1.049515023297730565e+01
-8.326951332232934710e-01 -1.664973996476188933e-01 1.055073906375445514e-01 -9.962500655860155874e-01 9.804175841350204479e-01 -9.458303003229384665e-02
-7.954093286705595567e+00 -7.431910110760670207e+00 -7.737308003175475513e+00 7.969064758396109838e+00 -1.074257086933249283e+01 -1.029365449776371833e+01
-7.152398090569609401e+00 -7.269451294527270235e+00 6.954783434073906534e+00 -7.298915784766569104e+00 -7.630919794580885984e+00 -9.149971071980704806e+00
-6.383685008350288292e+00 -6.355859739990013857e+00 9.072533121121860944e+00 -6.306417593200547955e+00 -1.050259441931333981e+01 -9.862183544417412406e+00
-6.411378885951059203e+00 -6.517116598107387304e+00 6.811520055798885309e+00 -6.959748554843907975e+00 -1.023338301406931805e+01 -1.062314361849597688e+01
4.506246568303804434e-01 2.024190126202880524e-01 8.989679803730021845e-02 -3.827924284237067543e-01 8.969239612207342560e-01 -1.419591679224008196e-01
-1.474753643508968537e+00 1.708020152732719765e+01 -1.384216716599269148e+00 -1.421134776533290900e+00 -4.273387799345000460e+00 -4.774498488053891876e+00
-2.669322451229398929e+00 -2.719330652731325682e+00 1.469366386387663326e+01 -2.685001665240476676e+00 -5.488872315369622612e+00 -4.942080221658534889e+00
-1.686945186142418063e+00 -1.719120955085533531e+00 -1.651992560440934898e+00 1.692337539331642660e+01 -5.289640048021619023e+00 -4.283671488066316257e+00
-2.995995196748302281e+00 -3.227628377037269569e+00 1.583851389910297769e+01 -3.307767001991425371e+00 -4.777338576352518906e+00 -5.442221582081501197e+00
9.510813353597078468e-01 -4.564177561430551311e-01 -1.745622015731032040e-01 -7.583094371837857395e-01 -9.129208070635670413e-01 6.764413515491640716e-01
-7.904988838552331032e+00 -7.616014478556203393e+00 -7.755443865175224438e+00 5.832969814891418636e+00 -9.065878459759996844e+00 -1.058981678054826148e+01
-5.558407240655582449e+00 -5.473424798747137388e+00 -5.661462842617915214e+00 1.008103693376875398e+01 -5.533035186961946295e+00 -9.604427813221185772e+00
-7.735190761913520952e+00 -7.524465289832237502e+00 -7.695045718509899935e+00 6.889374110812148899e+00 -9.470180594292461507e+00 -9.110028473313700914e+00
-7.242997745181035896e+00 5.885235599733167788e+00 -6.687748021888099359e+00 -7.224950309284826844e+00 -1.075308872433196683e+01 -1.022072725263930337e+01
-8.217783215794589591e-01 9.854582234307920352e-01 -8.150450328328950889e-02 6.699539161773568896e-01 -6.876425409527349153e-01 6.332494770043790577e-01
-7.750642205140398922e+00 5.743404855240896723e+00 -7.527749796409823446e+00 -7.735236024019965129e+00 -1.048560755539637235e+01 -9.292652733860137459e+00
-6.365955475247194073e+00 9.059661372117282951e+00 -6.222188571047636785e+00 -6.246002927675248451e+00 -9.943565629557269858e+00 -1.061777790161807644e+01
-5.940111386492154644e+00 -6.064724313309111992e+00 -6.079978163913011713e+00 1.022868562584719854e+01 -5.926869439475163759e+00 -1.024420190561887445e+01
-8.876066188696544401e+00 -8.860465242566922583e+00 -8.977800065022865539e+00 5.832969814891418636e+00 -1.261829542024379691e+01 -1.229574893340191721e+01
7.233587317611491763e-01 -3.751935767009231260e-01 9.704634978252726363e-01 -1.455189186255716471e-01 -6.816947782345565976e-01 6.477585903137721424e-01
-8.277643881922578828e+00 -7.971121658092252815e+00 -8.331172456604576837e+00 6.889374110812148899e+00 -9.515602757387728872e+00 -1.090505069062439603e+01
-6.409205058644705133e+00 -6.389785274131767778e+00 8.035134781892836031e+00 -6.841216824968991972e+00 -1.091472681700401637e+01 -1.047011223201179675e+01
-5.634259123951250281e+00 -5.751027847717289809e+00 1.017427587992107263e+01 -5.721519969994199428e+00 -9.522128493114415448e+00 -9.656503864736347253e+00
-5.896213234424230620e+00 -6.108830954278857028e+00 7.890424298786752999e+00 -6.140420292534121138e+00 -9.004851208598125822e+00 -9.515994594681451701e+00
1.984112678313820766e-02 7.012560323496674908e-01 3.873105432043297824e-01 -5.131824513369855900e-01 1.337771922520529788e-01 -9.674833570700298591e-01
-2.004025328263818295e+00 -2.421210936653390711e+00 -2.205026567763583412e+00 1.590939951205392688e+01 -4.535722746310810294e+00 -5.537195519496293628e+00
-1.791288919734962404e+00 -1.825511844748903822e+00 1.585218572108750834e+01 -2.208324827445332428e+00 -4.783279933367865944e+00 -5.515882809061956493e+00
-1.989768153971559261e+00 -2.248922836694228433e+00 -2.513607079054691162e+00 1.575414163938326340e+01 -4.257714189231755597e+00 -4.151396153140353817e+00
-2.428745696505915319e+00 -2.452551614923256462e+00 1.700859989808381556e+01 -2.795161334332627590e+00 -4.236617658028753119e+00 -5.782981034712726398e+00
3.655090241646774540e-01 4.541846730508938279e-01 6.355420539304494909e-01 -6.771741486639937246e-01 6.713854228961906312e-01 1.643178362434984940e-01
-7.971938887218695591e+00 -7.994508572265115021e+00 -8.327709792060465688e+00 4.774640116740842544e+00 -9.055692615740660756e+00 -8.953435208320431826e+00
-6.524840019977637517e+00 -6.352399021616565555e+00 -6.481281030098971385e+00 8.980226564431063707e+00 -1.028358075517723691e+01 -8.886543906261628933e+00
-8.464129382298485993e+00 -8.118911711384278362e+00 -8.493816570386533371e+00 5.820480369700509193e+00 -1.257950350258758476e+01 -1.241162315444073982e+01
-6.533707647936356722e+00 -6.349771213687038340e+00 6.705313924516561386e+00 -6.193915083570256996e+00 -1.091809611388097956e+01 -9.341580509313850200e+00
7.862942920822453274e-01 5.790173507468967529e-01 -8.244872174405735166e-01 -7.937763578207586157e-01 1.790139183276617807e-01 -2.505859773922716194e-01
-7.529121000915582229e+00 -7.069603583106996325e+00 6.810572190785977753e+00 -7.094278772550476120e+00 -9.697766447718960237e+00 -1.059229937311570424e+01
-5.999920470815180096e+00 1.015310088475903605e+01 -5.898152992689271734e+00 -5.892703108124679900e+00 -9.537962068367992430e+00 -9.847547093410414121e+00
-6.682989255961654607e+00 -6.826756823588889134e+00 -7.093337919260302549e+00 9.126398769588725202e+00 -9.450973808338190452e+00 -1.020344174430948847e+01
-9.274954017704651221e+00 -9.348265866388601353e+00 -9.415370192403798910e+00 4.774640116742503437e+00 -7.225151949277128338e+00 -1.299673645162061675e+01
-4.317092947362644040e-01 -3.284730188900175651e-01 8.762221384051933626e-01 7.240699108441142062e-01 -8.393220861658565735e-01 -3.972501905978393921e-01
-8.715662372114577394e+00 -8.617342758085190013e+00 -8.756438159686489087e+00 5.820480369704027268e+00 -1.043670900184126005e+01 -9.695362053411024306e+00
9.126398769588725202e+00 -5.991573822112711944e+00 -5.620466661784450757e+00 -5.845597147262891369e+00 -5.823396966247946338e+00 -9.972682350001782936e+00
1.128714735345563014e+01 -4.918300136113069598e+00 -4.729129948159744856e+00 -5.311374501859244646e+00 -5.545564723980153765e+00 -7.301093330542022031e+00
8.980226564431063707e+00 -5.687492771355465493e+00 -5.547401659063458723e+00 -5.320066815045952247e+00 -8.469573520288747659e+00 -1.022390888529710296e+01
5.726485861867147698e-02 -3.001746872081676454e-01 5.843488583593579033e-01 6.014912692541147798e-01 2.274454374678844815e-01 7.509943335013171684e-01
-2.806050866495613416e+00 -2.610683707760988348e+00 -3.132242270812962914e+00 1.475030551693338765e+01 -4.246715941803421046e+00 -4.411922031151559231e+00
-1.402491909327080233e+00 -1.287652964980479986e+00 1.702240981928031260e+01 -1.647622283723307657e+00 -4.567378980940588029e+00 -4.386725094322182272e+00
-2.903903152620804562e+00 -2.806163568384878459e+00 -3.057646127374211265e+00 1.459660022298943005e+01 -5.093190629799529745e+00 -4.836841142629595858e+00
1.819050494755941116e+01 -2.139384950587265521e+00 -1.686735124285628107e+00 -2.205036503583216234e+00 -4.857964443030123647e+00 -5.292236427346979077e+00
9.515565802243131088e-02 7.304578269660075840e-01 -1.595601773940678036e-01 7.470078002257287686e-01 1.759555557729579611e-01 -5.952216332186843761e-01
-9.156928974847550862e+00 -9.038780738358042299e+00 -8.992824169574937798e+00 3.602284351609450042e+00 -1.071840984971437649e+01 -9.450864764497652004e+00
-6.951258262747563421e+00 -7.084798120460442661e+00 -6.819035623766156462e+00 7.398767113428853293e+00 -9.950334790701592880e+00 -9.978739914259222132e+00
-8.918231385455733573e+00 2.670105025766531526e+00 -8.690835828027999810e+00 -8.594917798850143953e+00 -9.916717647779121236e+00 -9.888373913184086206e+00
-5.839927426605512117e+00 8.035134781892814715e+00 -5.841340754298746774e+00 -6.197898488566595532e+00 -7.765696362116748297e+00 -9.622499253571918487e+00
-4.919689578146333453e-01 -7.609813381090353435e-01 -1.557999418756275123e-01 7.172650370728888003e-01 7.986521019835877144e-01 4.043714381640224342e-01
-7.151386385325629647e+00 7.890424298786703261e+00 -7.104476726710437617e+00 -6.884154508776028969e+00 -9.713733331561204665e+00 -9.986069110426448958e+00
-5.814686034923845170e+00 1.127401425580741545e+01 -5.539374659039156157e+00 -5.748616089271453511e+00 -9.019036474885798071e+00 -1.002527910668039723e+01
-7.062730712590704840e+00 -7.312238871074095314e+00 -7.117484270111852140e+00 8.033850421492854110e+00 -1.033559542351078875e+01 -1.066732138043595057e+01
-1.008225430269200018e+01 -1.002031889236284101e+01 -9.635899972014035697e+00 3.726893075542232037e+00 -1.393606403339643585e+01 -1.273591035066115751e+01
-1.263351336968199234e-02 1.664393671868569236e-01 1.088195559600928508e-01 -5.837082575573262488e-01 -7.601739283850619255e-01 9.486817743725217689e-02
-9.360476081071634979e+00 -9.030073563164737749e+00 -9.355944958717778093e+00 4.754037823625326453e+00 -1.064260411666787931e+01 -1.085608354731775727e+01
-5.578037989197264679e+00 -5.741129000091674150e+00 -5.740407587853667337e+00 8.035134781456910957e+00 -9.275123674308048294e+00 -5.592263813240709425e+00
-4.929871984994443679e+00 -5.333930869631189786e+00 -5.268783538808026634e+00 9.704302073609550661e+00 -5.669996983055464845e+00 -9.704443180946906722e+00
-5.661267397214729158e+00 -5.681481928808686632e+00 -5.576227926284875736e+00 7.890422699095469561e+00 -9.037341075212264485e+00 -9.917886578215863835e+00
7.868750530884309757e-01 -7.123053044963356673e-01 -8.337397431726309982e-01 -8.834705732757213159e-01 5.566703484970554339e-01 7.451227564436200268e-01
-3.229434572081199661e+00 -3.235363347702481462e+00 -3.432703354991897271e+00 -3.269661246935293253e+00 -5.810032672953889588e+00 -4.491383912998315964e+00
-1.023568433748655249e+00 1.820445436290940933e+01 -5.947379914485639851e-01 -1.202986931304638851e+00 -6.350400092747146008e-01 -4.964881580885654344e+00
-3.576367468031056429e+00 -3.492848699001704027e+00 -3.401243205749852727e+00 2.890347370349338973e+00 -4.754806533422503811e+00 -5.062457841404940595e+00
1.700859989808381556e+01 -2.252125689501790706e+00 -2.094230332827672569e+00 7.567032920731273649e+00 -5.720598611793613841e+00 -4.720018440558624739e+00
4.058706988115448056e-01 8.631747653981187707e-01 5.025743434872758097e-01 -2.259777907441555822e-01 -7.689690127963386690e-01 -6.616054061799150343e-01
-7.052241730362448280e+00 6.901987656686396022e+00 -7.097266626718159443e+00 -7.046302790027480611e+00 -1.073709223261427326e+01 -1.083659944347768800e+01
-4.740343305403008856e+00 1.119272634867960114e+01 -4.837859798715511417e+00 -4.868172144175547444e+00 -4.880353333766804802e+00 -5.723594327675511018e+00
-7.091821245584435829e+00 7.969064713087194995e+00 -6.646377375194497006e+00 -6.860971445418208248e+00 -1.032675605349056625e+01 -9.115148430392199685e+00
-8.397793517830940857e+00 2.669069242659698027e+00 -8.439133195314497016e+00 -8.603118598154306795e+00 -9.918327907348114536e+00 -9.256456738483693769e+00
-3.254199561714035127e-01 6.298835459349481081e-01 -7.080596961007712409e-02 9.753746851110114413e-01 2.842800816696853250e-01 -7.477671490486910155e-01
-9.220692486904200180e+00 2.601717664696043819e+00 -9.250200536554279651e+00 -9.057020058784299721e+00 -9.880308907903859961e+00 -9.801824565489916097e+00
-8.645457607423111313e+00 5.820418428734010163e+00 -8.299586938903511069e+00 -8.588478737568271626e+00 -1.002770539267641681e+01 -9.669204999639603670e+00
1.360280246176405328e+01 -3.970054256445802565e+00 -4.211795380232815411e+00 -3.863308782026585231e+00 -4.244940558458181634e+00 -4.457742713546993585e+00
9.072533121121860944e+00 -6.830839689936065717e+00 -6.553633204587660188e+00 -6.293162048963183430e+00 -1.010229824554918920e+01 -1.008782476597961519e+01
9.545002399655106995e-01 5.948178766899732128e-01 -7.633000165839090023e-01 9.489314464948088723e-01 -5.221923319430172850e-01 4.086808726869177733e-01
1.016127411324978169e+01 -5.996328558000902476e+00 -6.091422377657703890e+00 -5.978617933578648902e+00 -9.445739331314609188e+00 -9.609512275624815913e+00
-7.774656105046728882e+00 4.821419479778728423e+00 -8.076408660290313790e+00 -7.818490392250504684e+00 -1.020619149673133563e+01 -8.163517632348787245e+00
-7.639033523547746896e+00 6.901959137448027803e+00 -7.598371466994639611e+00 -7.981165666763285316e+00 -9.352163167116930964e+00 -1.003407129384506469e+01
-7.662817337442239918e+00 4.685959429416870492e+00 -7.704830209863140489e+00 -7.919146399970522054e+00 -9.119318207825891420e+00 -8.627621969785902678e+00
-7.183707093561564339e-01 9.966173968009741646e-01 -6.375193466591033697e-02 7.831618847279855355e-01 8.473873306616694911e-01 5.798957398944639685e-01
-2.385615423416401093e+00 1.708020152732719765e+01 -2.114595462874333975e+00 -2.163767636747872203e+00 -4.801591495769791607e+00 -5.501842322057775903e+00
-4.022589396392755035e+00 1.241125995298548546e+01 -4.041504233475654573e+00 -3.994018689489251983e+00 -3.140898965357846073e+00 -7.216049771338945540e+00
1.929739352445304235e+01 -4.916278205567989890e-01 -4.639184211240758859e-01 -9.966151559994254061e-01 -9.579293249677316435e-01 -4.394472813133240230e+00
-4.444039147306190429e+00 1.353332747251082679e+01 -4.020781938877061812e+00 -4.346699621751014320e+00 -5.792408247828999102e+00 -5.666404442603659497e+00
4.727044091246350721e-01 8.442527709982401429e-01 -4.533793120837303903e-02 1.559119224264555736e-01 8.541568446693263983e-01 -9.176321987888012011e-01
-7.418183950565078177e+00 5.832969811446128361e+00 -7.855922148906120839e+00 -7.564643792203155748e+00 -1.008535342622408848e+01 -1.087621736353487023e+01
-5.290438436835048108e+00 1.008103102554307640e+01 -5.420698653301197822e+00 -5.455069695763734572e+00 -7.948281235869680827e+00 -1.001314119980514938e+01
-7.492730110957807277e+00 6.889373935876669464e+00 -7.362191705829247645e+00 -7.486314647475201589e+00 -9.600812746221482286e+00 -9.672729536441087461e+00
-7.947994827460314937e+00 -7.669311101363790684e+00 3.775858236175269944e+00 -7.881970505189753062e+00 -8.095583849198863646e+00 -9.980996899785633758e+00
5.440309730670127575e-01 -2.186017270051958672e-01 -4.455129496387375543e-01 2.482123180343376312e-01 9.345707809401631039e-01 8.570412217035965341e-01
-8.441922156922201381e+00 3.639065133963664600e+00 -8.439423791352380633e+00 -8.685355781526856944e+00 -1.076112961082977648e+01 -9.091147661293035753e+00
-7.026161010045663957e+00 -7.219073831861979151e+00 6.889367697783590927e+00 -7.082128414257223170e+00 -1.036319253950009056e+01 -1.023839804906426920e+01
-6.075466497711615510e+00 -5.672096282457619765e+00 8.000428339011445900e+00 -5.924586950357737081e+00 -8.390472842900953410e+00 -9.660780171853444287e+00
-8.419302713697435436e+00 5.832969814752356541e+00 -8.706146710695733759e+00 -8.254239050875399997e+00 -9.223084021771427388e+00 -1.071800219495116657e+01
4.706631460271535339e-01 3.435893542795713795e-01 4.792091675382630367e-01 3.240546102438397469e-01 -3.539469748535546412e-01 -2.932456689049400822e-01
-8.132685796819691504e+00 6.889111528090989367e+00 -8.497263281858909778e+00 -8.394227435980344154e+00 -1.069214967749503842e+01 -9.431075987962824314e+00
-7.474119908665126211e+00 5.885235398048249245e+00 -7.237876292520311949e+00 -7.587757884185425183e+00 -1.055147112364417339e+01 -1.072537757270116643e+01
-6.329115129646281090e+00 -6.093357838752501365e+00 7.970905603370944448e+00 -6.296173818221529217e+00 -1.038816863879602792e+01 -7.509971240847524321e+00
-6.695967997941654204e+00 5.743393894216159978e+00 -6.430637193540624352e+00 -6.775417642485695779e+00 -1.093906873246818812e+01 -1.095541181346587578e+01
-3.269242060135488792e-01 -5.931112525251511780e-01 7.661158755115691221e-01 6.271613006725680339e-01 -8.473061228191784977e-01 -5.763262656376004767e-01
-1.683332115031005216e+00 -1.702074456078042752e+00 -1.877141293808127553e+00 -1.535322201695099364e+00 -4.336916272005293393e+00 -4.395811223166822934e+00
-2.470553646208308862e+00 -2.460724012264947191e+00 -2.488914833318924380e+00 -2.446463920406284132e+00 -4.599202809892669386e+00 -5.782951064733939717e+00
-1.653247702827792986e+00 -2.012575186673430494e+00 -1.896422830389072445e+00 -1.671446895887999107e+00 -4.640059902221997490e+00 -5.792634641690381336e+00
-2.749732473036702540e+00 -3.238956458581782716e+00 -2.634963717778145309e+00 -2.780941066751609902e+00 -4.736263992485024943e+00 -5.081748718343883198e+00
2.033898540077416772e-01 6.011245488856074015e-01 -3.593570112343567047e-01 6.966198947421500254e-01 8.925925037082294011e-01 1.379370773672317085e-02
2.310104825356273039e+00 -7.814337145097990600e+00 -8.097959593827107838e+00 -7.742880986411557309e+00 -1.026105623618146012e+01 -9.660765941229339404e+00
-5.294810951796980802e+00 8.980150834226318324e+00 -5.130736143616310585e+00 -5.433658396897847354e+00 -9.640614889201032156e+00 -7.763144022729667526e+00
-7.587959096440056506e+00 5.817232129763041826e+00 -7.737519018756916722e+00 -7.548841560191208444e+00 -9.936098772449192040e+00 -9.436925334050783931e+00
-7.758779570372656309e+00 4.826383243301602732e+00 -7.746097316036241409e+00 -7.426051421426524968e+00 -1.061615043941036518e+01 -1.301818197237421693e+01
3.592122641212502909e-01 4.020421219186811612e-01 9.188351924092719170e-01 8.592122205366736765e-01 2.576944453577578731e-01 3.252661024835397097e-01
-8.455252712031857243e+00 4.685967948513233949e+00 -8.228089369510618312e+00 -8.005807640347914145e+00 -9.833075381729628361e+00 -1.054256383198949010e+01
-6.963601095381951822e+00 7.969064758341699140e+00 -7.046684519513236822e+00 -6.664599415217173473e+00 -9.636342161241955750e+00 -1.053713736637430465e+01
-5.862595913466771336e+00 9.126398769587503068e+00 -6.040539375394867960e+00 -5.921557862762966806e+00 -1.000284904348755077e+01 -5.977778697345922154e+00
-8.785177237466239575e+00 -8.967736839594703468e+00 -8.908945617059842448e+00 4.774073561341905858e+00 -1.020607667687766451e+01 -1.013361262612627200e+01
8.011829621009911584e-01 7.417878652892595515e-01 -8.063308754407749745e-02 5.200006182356411433e-01 -1.727635781144014615e-01 5.339742339179986974e-01
-8.519606841238388739e+00 5.820262920497617287e+00 -8.761812185394433072e+00 -8.617286922676708372e+00 -1.082861701180392799e+01 -1.095106900031094099e+01
-7.249851045682113693e+00 6.954754237779118498e+00 -7.265803369459920447e+00 -7.008786000897762491e+00 -9.346766107921613553e+00 -1.031828108228488006e+01
-5.982507870404515593e+00 9.072533102614906753e+00 -5.977435894664111515e+00 -5.814334325737901210e+00 -9.907096092199633830e+00 -9.608593455051444465e+00
-7.058371494846976901e+00 6.811513676810751150e+00 -6.401466345089374954e+00 -6.537038103538269418e+00 -9.705377783859098884e+00 -9.600787249561619774e+00
7.756483469582728940e-01 -8.196873797261927663e-02 1.566391181972370816e-01 8.175315883745311041e-01 -7.841585996811515358e-01 5.657726040396129363e-01
-2.006599307543891264e+00 -1.954976114561816303e+00 -1.653285870973103977e+00 -1.788169348106367407e+00 -7.544823964488678314e+00 -4.883004610685440561e+00
-2.068559219823995488e+00 -2.018438649053402756e+00 -2.254407282882373131e+00 -2.278944439333777883e+00 -5.380065057502451786e+00 -5.080795637328811232e+00
-1.621178329106535143e+00 -1.995170132853543610e+00 -1.795837954548488158e+00 -1.985412238957920739e+00 -4.318458977081908401e+00 -7.138477042562050734e+00
-2.366176505951394837e+00 -2.512217073243486087e+00 -2.417455727190649828e+00 -2.565448792989739157e+00 -5.707226751679029597e+00 -5.735605634359655092e+00
-1.696934327095813710e-01 7.183901092470763583e-01 -4.392337070293637069e-01 8.022480215934215675e-01 -7.230236290068168259e-01 -5.009138066846965387e-01
-8.947957180440383240e+00 3.726893670110130508e+00 -8.856562797702206780e+00 -8.944941022800087183e+00 -1.030844461338591955e+01 -9.849943433332729370e+00
-6.908091862475233214e+00 7.890424270422634834e+00 -6.679729270726269874e+00 -6.884020001481397699e+00 -8.151035178880379206e+00 -1.001208747678078659e+01
-8.727221911767443885e+00 4.762275562925011307e+00 -8.487412393976754288e+00 -8.782979632092150268e+00 -9.445104975721605456e+00 -1.008764384688701554e+01
-7.059822906716051172e+00 -6.736139486108564611e+00 5.854326138723248363e+00 -6.759434508034122047e+00 -8.594716664507565440e+00 -9.960327198523984293e+00
9.199653297830541199e-01 3.971587652523433931e-01 -1.621029553454749195e-01 2.914478603765280340e-01 2.371841160794199155e-01 -5.950461013948382671e-01
-7.616257957781783716e+00 5.519200356016195741e+00 -7.730295190016070350e+00 -7.811545927153328073e+00 -1.086082878629397186e+01 -1.017007974577158791e+01
-5.966697561463684352e+00 -6.187739261584756179e+00 9.059537363354820627e+00 -5.995704400471348450e+00 -1.030087323333392035e+01 -9.736174289744809585e+00
-7.155511686354366852e+00 8.035134781412132554e+00 -7.162664357966885831e+00 -7.073706745742311952e+00 -9.632948145592603595e+00 -1.070556655442735305e+01
-9.882568581475515757e+00 3.726825291910148330e+00 -9.777108482276009482e+00 -9.824606327455384758e+00 -1.275246498069635237e+01 -1.243023296703697156e+01
8.877507173741190361e-01 8.511807173319896336e-01 -8.430426827016797020e-01 6.157325073809372107e-01 3.102073780076066711e-01 -3.859051830334956357e-01
-9.168532875323352371e+00 4.762275563563770575e+00 -9.104754190118203638e+00 -8.839549733139531185e+00 -1.230827448915784572e+01 -1.068713035028093827e+01
1.022868562584719854e+01 -5.105345803441897701e+00 -5.039688373745770278e+00 -5.276603769428318103e+00 -5.592425643033696936e+00 -9.606307752464321226e+00
1.241125995298548546e+01 -4.198546084211889351e+00 -4.319713131766496517e+00 -4.225462774513392361e+00 -5.385544012248687729e+00 -5.516221199241883255e+00
1.008103693376875398e+01 -5.430969848572773984e+00 -5.063206207922059221e+00 -5.025549252466401384e+00 -9.704245684780637760e+00 -4.612033358624935353e+00
9.511712514010068897e-01 1.610249955760756357e-02 -8.726282089738919279e-01 6.064329084098234457e-01 -4.576794779389232737e-01 -5.062532757908702052e-01
-2.846602720437215073e+00 1.360280246176405328e+01 -3.160871982898813215e+00 3.750098172271560948e+00 -4.458927877605432855e+00 -5.640466557553806659e+00
-1.791545008083303969e+00 -1.754626189247734835e+00 3.673955353495451881e+00 -1.805845223114615372e+00 -5.375480497647175504e+00 -4.099567494142155155e+00
-3.563814557309493480e+00 1.345063422075953596e+01 -3.258880645075924676e+00 -3.296539678092373471e+00 -5.872683862697740231e+00 -4.228530260734679302e+00
1.938434843187819467e+01 -1.311805100459322748e+00 -1.087228012613763894e+00 -1.418119575530060628e+00 -5.170214788757390600e+00 -5.158567937664424896e+00
9.468375226539960110e-01 3.510785259743416375e-01 8.262079901884020749e-01 -7.443821890951280995e-01 9.565472213327983475e-01 -9.227419586737295454e-02
-9.450258576017795065e+00 -9.059986000740007484e+00 -8.921556601529694319e+00 2.612473787944758818e+00 -1.059758813920811704e+01 -1.024726773666659341e+01
-7.328433804763315962e+00 -7.202546307967303996e+00 -7.185403969778079158e+00 6.537392676893891696e+00 -9.980407771232691516e+00 -9.140868611242897401e+00
-9.097359972067666334e+00 -8.899236998650849273e+00 -8.934746886763285545e+00 3.703164253658726146e+00 -1.237780733229055485e+01 -1.003201297182046581e+01
-6.538021986430186949e+00 6.954783431278718453e+00 -6.301685935614829148e+00 -6.540536545145781311e+00 -1.041986054715567889e+01 -9.693217753304868012e+00
8.469222079287694882e-01 -6.762226789320266995e-01 2.029422732230610205e-01 -7.422121194522814935e-01 -3.808398959786916116e-01 3.967430813507055731e-02
-7.515536002730790699e+00 6.811516922407555796e+00 -7.739265970695143437e+00 -7.556821774692098259e+00 -1.244479334122848257e+01 -9.627951241975711838e+00
-5.865946376040584553e+00 1.016127411307462935e+01 -5.792387028558575679e+00 -5.995008274735087461e+00 -5.749311041369114861e+00 -9.049458437221154838e+00
-7.062942132277887808e+00 -7.269553853733939697e+00 -7.242552603426804403e+00 6.954773401638139063e+00 -1.006101694861123086e+01 -1.087476047306686944e+01
-1.033032569281854052e+01 2.679609505370167177e+00 -1.040260553545130406e+01 -1.003571254194773843e+01 -1.287727554969828958e+01 -1.476297590939104687e+01
-9.922539571406490122e-01 -3.359440092425458602e-01 8.179779743738644360e-01 -2.322524754579959883e-01 -8.454320425885488710e-01 -1.453826343271176214e-01
-9.564955576728197073e+00 -9.394962585445208347e+00 -9.238513444596620161e+00 3.713313474457779595e+00 -1.396579598683191570e+01 -9.345283654846657129e+00
8.374094255300446932e+00 -5.467424445925951559e+00 -5.315193650352028953e+00 -5.176892585371444255e+00 -9.043517334515328798e+00 -9.331076381006425891e+00
1.128510039127072417e+01 -4.499544778687095459e+00 -4.369603390162917655e+00 -4.387886681024691704e+00 -5.964638119175872610e+00 -4.712278383275224414e+00
8.964725542725116014e+00 -5.620024694607614890e+00 -5.586618805387644215e+00 -5.542483004640864408e+00 -5.338403660664498673e+00 -9.670891503785892240e+00
2.972016670402195526e-01 -4.704433892495982761e-01 6.595862817082440710e-01 -8.712760065450466662e-01 -8.400003002351152936e-01 5.060613183083262356e-05
-3.248344789460833937e+00 -3.439244703094685995e+00 -3.443182160291920368e+00 -3.407889096529838291e+00 -7.618263772346969276e+00 -5.402762149559502625e+00
-1.378485968529723049e+00 1.702240981928031260e+01 -1.597074082604223566e+00 -1.559986192639782665e+00 -4.583071984098564755e+00 -4.101941523137294432e+00
-3.394019577954526135e+00 -3.261519890622426754e+00 -3.732005268503729489e+00 -3.625259818349899632e+00 -5.285193373602225186e+00 -4.458181614691294925e+00
1.819050494755941116e+01 -1.190572837788176352e+00 -1.175664737322964948e+00 -1.133002041534618254e+00 -5.747525141940029059e+00 -5.265527955856017961e+00
-9.207030752322498124e-02 7.471592925835970345e-01 3.988875354000780415e-01 3.023483776227600117e-01 9.820876761382346665e-02 -8.978893013256317168e-01
-7.557287304494227698e+00 5.811180855316132821e+00 -7.530119126637160321e+00 -7.508995344181995435e+00 -1.085122574847917853e+01 -1.005976770285274746e+01
-5.555659290958601559e+00 9.922560618276854427e+00 -5.256837608252703298e+00 -5.179136244208919493e+00 -9.158658130166262623e+00 -9.931274768221285854e+00
-7.439502161434741190e+00 6.889256284277395892e+00 -7.681310731354861865e+00 -7.401300029591085128e+00 -7.895314365402253287e+00 -9.743175392001051094e+00
-8.975132930455359315e+00 2.489148350298386880e-02 -8.727309108985600972e+00 -8.736724900617261369e+00 -9.962333382888861166e+00 -9.328823786353392933e+00
-6.891050553036610626e-01 5.279013395895604255e-02 -1.629563088341758892e-01 2.016772599398630739e-02 4.427500340420655878e-01 -7.937761974128587639e-01
-9.537010541378759143e+00 1.526259200407744654e+00 -9.417125776723356267e+00 -9.438790399926139330e+00 -1.030955757338879586e+01 -1.067579650318255524e+01
-9.103244145053375647e+00 4.106317417233320555e+00 -8.950659873065792027e+00 -8.764168302292260293e+00 -9.448356922362993515e+00 -9.984294342075113349e+00
5.207130443122723662e+00 4.619313662467164683e+00 -3.345641858827538506e+00 -2.947700870208944668e+00 1.475030551693338765e+01 -4.769386967131301169e+00
-5.615564730576032559e+00 -5.771997138841014063e+00 -5.634253728671310135e+00 -5.597002640662786632e+00 1.017427587992107263e+01 -9.675361246379036828e+00
3.299642716584656466e-01 -8.708472728126277485e-01 3.923433942223037985e-01 -4.891886708411725682e-01 -5.774510957221963281e-01 5.074926277451725642e-01
-3.668566716516546755e+00 -5.386829556551446352e+00 -5.415249070101281426e+00 -5.397560631229495698e+00 1.127401425580785954e+01 -9.565549070243342555e+00
-8.061284283621501956e+00 3.691723419252188165e+00 -8.207157138881537861e+00 -8.408287210254854926e+00 -9.644792627808985941e+00 -9.144650133017297122e+00
-8.546328529953342468e+00 5.827224596802079049e+00 -8.147192007505273281e+00 -8.426672904416196985e+00 -9.937236699210647117e+00 -1.056465044819877264e+01
-8.020164975889313652e+00 3.610013563995112307e+00 -7.872046323321031380e+00 -8.129703896297398202e+00 -9.816857807350039877e+00 -9.455933897138010025e+00
-8.146435946817605078e-01 4.474762177249713702e-01 -7.865898363430496865e-01 8.068212785123789477e-01 5.168780288642773613e-01 7.111404050455858439e-01
-2.924120297665348645e+00 1.590939951205392688e+01 -2.623071413692806608e+00 -2.923425716750174708e+00 -4.324017537577533155e+00 -2.671349833941319751e+00
-5.148611167293868363e+00 1.128714735345563014e+01 -5.108360475251186195e+00 -5.015807847141561027e+00 -5.245059320839050798e+00 -5.488248487715574164e+00
-2.939095660304604785e-01 5.535748098210979684e-02 6.898395419945768658e-02 -6.621170020097189024e-01 2.006112230011649622e-01 2.050241770146772069e+01
-5.150762267631988855e+00 1.239799419778571732e+01 -4.742751468319140074e+00 -4.996401983900952359e+00 -9.513545533401806864e+00 -4.821279423139531950e+00
8.235662249479325236e-01 3.700008682654631897e-02 4.539128386015924832e-01 2.035517393131553998e-01 5.025148596702320170e-01 3.354443050296898043e-01
-7.885155187274656363e+00 4.774638096644004293e+00 -7.899201821623216269e+00 -7.879579566642628485e+00 -1.040972359243105316e+01 -1.033996820114654369e+01
-5.712558688458953426e+00 8.933959597209565118e+00 -5.757832369525457850e+00 -5.760784361921130525e+00 -9.440200540502402760e+00 -1.219615614550101768e+01
-8.071932845369129694e+00 5.818512846292187568e+00 -7.864100911473531852e+00 -7.915362493340388994e+00 -9.621243330613809874e+00 -9.653388824846786065e+00
-8.414124542223790471e+00 2.369419351759341819e+00 -8.298286522649352293e+00 -8.425316909111908004e+00 -1.070107350221870490e+01 -9.012779417721546338e+00
2.807907939727323221e-01 -3.063144388808189955e-01 9.409761388956603412e-01 -4.215911008796315862e-01 -1.091227598733370829e-01 3.292926491473127104e-01
-8.963257654356493020e+00 2.514143903408000202e+00 -8.859203267442431695e+00 -8.893742684607836679e+00 -1.177363409165922903e+01 -9.155215833060113440e+00
-7.679071327200172270e+00 5.815162020470022064e+00 -7.467453341951888035e+00 -7.461439803693748374e+00 -1.082272837950813305e+01 -9.217530173074383271e+00
-6.223725934613698385e+00 -6.246256561784315764e+00 6.931772447046661512e+00 -6.381585961942567664e+00 -1.022117231165245066e+01 -1.003914140563700030e+01
-8.929106798724156135e+00 4.717447235574920406e+00 -8.904586370327262301e+00 -9.163947493670026034e+00 -9.090376563722315950e+00 -9.510595500698801885e+00
9.213042337292545181e-01 3.683143220194091683e-01 1.187466344748258074e-01 -6.318051430658955248e-01 2.792820692855388920e-01 -7.477022075927421962e-01
-8.643696425317980214e+00 5.777233065863674355e+00 -8.666536618105206813e+00 -8.414135181412209619e+00 -1.059602913689680648e+01 -9.033093035216413824e+00
-7.713937303849657923e+00 4.763167292718701873e+00 -7.531684521830770862e+00 -7.452924864109070846e+00 -1.060073577472919659e+01 -7.997113002156596373e+00
-6.463543875200262079e+00 6.503645022008560872e+00 -6.760361600105408542e+00 -6.465261326326240621e+00 -1.062878592342096340e+01 -7.982105380766403968e+00
-7.121521141709076019e+00 4.557635269581883364e+00 -7.121949885865038077e+00 -7.010711377908279474e+00 -1.027733247425181773e+01 -1.046616061438944456e+01
-5.602734124506671964e-01 7.348901404609464727e-01 8.960378693346926493e-01 8.003280848509277678e-01 -6.680456665656997473e-01 9.253427732316124033e-01
-1.713164229819381879e+00 -1.995748115614164098e+00 -1.667810254843389295e+00 -1.573422734955651769e+00 -4.269077725495103337e+00 -5.753189664621375599e+00
-2.406366335135013745e+00 -2.615660497043286625e+00 -2.208222539091461822e+00 -2.337260679417523690e+00 -4.613453430171493785e+00 -4.032453159104933071e+00
-1.472568292621635688e+00 -1.752299406227133760e+00 -1.620124364224710733e+00 -1.680070603810939200e+00 -4.824115524273130617e+00 -5.864385451784394299e+00
-2.619738941527622433e+00 -2.889135445147845260e+00 -2.487335932425345675e+00 -2.276388931017563344e+00 -4.958329090444707710e+00 -4.949903681894383567e+00
3.559034323710812409e-01 -3.046585973433457717e-01 -4.255482066406581776e-01 6.766731072195772967e-01 7.656557735840767709e-01 -8.606403791585437446e-02
-7.890894048456330800e+00 -7.998246672410852298e+00 -8.050308061217837263e+00 3.726467705209342451e+00 -9.448712696855327664e+00 -1.026930560807366533e+01
-5.493172164909722710e+00 7.823447112494123168e+00 -5.498169352874263893e+00 -5.631213808929724784e+00 -9.431338116853389408e+00 -5.163483045381544123e+00
-8.403533887776934108e+00 -8.090390337581656155e+00 -8.329375672379304874e+00 4.450658424025334625e+00 -9.879674281374605016e+00 -9.045703027108437766e+00
-7.933470859895901839e+00 3.710904966764039248e+00 -8.178871301199748700e+00 -7.946531152492244843e+00 -8.432733541984923420e+00 -1.266618218962758391e+01
-3.825041087969187625e-01 -9.282620132908725452e-01 8.031097812278402692e-01 -1.275252352421174518e-01 -2.173252972014665385e-01 1.417424352266800636e-01
-8.661083210266458110e+00 3.623869928997288437e+00 -8.700574429740154159e+00 -8.810131806319613901e+00 -9.805476189646942231e+00 -9.965088464462382944e+00
-7.468176701224241043e+00 6.873726239176857433e+00 -7.580293669107646792e+00 -7.237833395693459515e+00 -1.029453375525002556e+01 -9.162481910435658961e+00
-6.426269829440717452e+00 8.035116152777813880e+00 -6.549208020937187236e+00 -6.250441973555021846e+00 -1.072258846822412437e+01 -9.838265100670898988e+00
-8.978843838605595096e+00 3.637318650424361088e+00 -9.214426685060892908e+00 -9.063043352397292196e+00 -1.303525241796353029e+01 -1.062407663607323016e+01
-6.286991660481981992e-01 -1.094880721782867106e-01 -9.142037537063176789e-01 -8.821123881971146830e-01 9.831631744670497053e-01 -9.078915554278779165e-01
-8.770199025644327406e+00 4.213838191286983559e+00 -8.755370613213580455e+00 -8.759702953983957485e+00 -9.651778946117705260e+00 -1.068889428377796946e+01
-7.788225400610340188e+00 5.802258100564928966e+00 -7.499013599725990353e+00 -7.343692143953523654e+00 -1.001844450694392918e+01 -9.496105581616436808e+00
-6.452178163021152102e+00 7.875206543215336197e+00 -6.766633775740853451e+00 -6.464818275766083921e+00 -9.157221475348851669e+00 -7.794880819543383410e+00
-7.405723751345042238e+00 5.719266416491851857e+00 -7.417215381210219505e+00 -7.168799588818099977e+00 -9.369059280074615970e+00 -1.044859770530005250e+01
4.694239188582365330e-01 8.162890342982287439e-01 9.748285064053241467e-01 -2.870898106825094942e-01 -9.348995675374585090e-01 -3.224506881206743447e-01
-1.604796545922140716e+00 -1.718413914537133103e+00 -1.566856621084425472e+00 -2.020294981241017140e+00 -8.381968878431290904e+00 -8.313428745981983781e+00
-2.035989609161492631e+00 -2.205749748061950122e+00 -2.031468682862565434e+00 -1.986036203178492610e+00 -4.682806967864068248e+00 -5.038587838964299515e+00
-1.759559660735094067e+00 -1.823786121812196903e+00 -1.710319021829451058e+00 -1.519845812139079877e+00 -5.991810263117788082e+00 -4.812473933098361911e+00
-2.435142418919652663e+00 -2.563958152600504192e+00 -2.093742299092354653e+00 -2.214955920884681184e+00 -5.442572894169310338e+00 -4.403296005852192607e+00
5.488067537688900988e-01 4.093701086005008261e-01 -2.555479112808023423e-02 -6.419860792144926886e-01 -7.576011431877849311e-02 9.087603060005937650e-01
-9.280171099943178348e+00 2.682447220717773639e+00 -9.059370982068347899e+00 -8.974733304761052466e+00 -9.999953952112118571e+00 -9.871519847513521739e+00
-7.380804658616074043e+00 6.808882684726735413e+00 -7.512990642309919309e+00 -7.093513126940749203e+00 -9.301951394067323520e+00 -7.514239781466391932e+00
-9.344636235044385231e+00 3.714417495123107926e+00 -9.383776159066869127e+00 -9.184273275781400514e+00 -9.045341923253552352e+00 -9.261962989736648666e+00
-7.231779488522425581e+00 -7.288179087553228186e+00 4.636155844449689312e+00 -7.427372538258958379e+00 -1.025280174718195880e+01 -9.242462245519870834e+00
-2.222428343487077296e-01 1.188513822655237195e-01 -3.820339653209419151e-01 -4.192905783576850176e-01 -7.177293458466795784e-01 7.103587669598425691e-01
-7.923801690597144010e+00 1.273535527077838125e+00 -8.078257288238757994e+00 -7.867869890755757822e+00 -9.438864100785973932e+00 -1.070248361451770691e+01
-6.488453427916867966e+00 7.885458601976811366e+00 -6.488706829708841717e+00 -6.688003333019291397e+00 -9.948820733407831796e+00 -9.177316496109582999e+00
-7.641119586320693102e+00 5.163390416011924167e+00 -7.721327263664767848e+00 -7.412045780600654332e+00 -1.043785310431945845e+01 -9.044834109747888817e+00
-1.008945660102401121e+01 2.539126205911162781e+00 -1.010917123495921999e+01 -1.016853623881531377e+01 -1.279595990269237049e+01 -9.928093617509626156e+00
3.643227509140340992e-01 8.010062687220167454e-01 -1.719561871189305702e-01 4.566990986990655532e-01 1.958663823277961846e-02 9.218401519217642726e-01
-9.623126892434701318e+00 3.673525517543585028e+00 -9.393800589035386395e+00 -9.711394427645316796e+00 -1.027589236296135056e+01 -9.678285042257019910e+00
-4.331378046907856216e+00 -4.712193757924881155e+00 -4.532674325921970393e+00 -4.101544625087877094e+00 1.134210669277494787e+01 -7.523028547968518609e+00
-3.422688269632650382e+00 -3.554975128657815286e+00 -3.491082688270587653e+00 -3.209848863262624086e+00 1.354672722523786632e+01 -5.589988874089704574e+00
-4.500093621803653576e+00 -4.476597048866424622e+00 -4.533123595455105459e+00 -4.556577382163053969e+00 1.119296659976641806e+01 -4.525128262666249235e+00
2.935860844738393816e-01 5.962130720112215343e-01 -9.775087153650083849e-01 -2.707753529870953191e-01 -4.278955906027752665e-01 -1.486777458561210352e-01
-3.359755428071597549e+00 1.246677443714641242e+01 -3.713680658840375237e+00 -3.591788477918504974e+00 -4.153359939110767840e+00 -3.760803150513425397e+00
-2.381981022616849408e+00 -2.424836614174366023e+00 1.469366386387663326e+01 5.645253689773539030e+00 -4.096038686689158048e+00 -2.898481806256470783e+00
-3.854764608950367766e+00 1.231612787855193858e+01 -3.736065226412883078e+00 -3.897229016855039418e+00 -4.301309567169615100e+00 -3.903345778216432915e+00
9.498560610122176229e+00 -8.677594656687949159e-01 -6.115878949443891432e-01 -5.596481148698364549e-01 -4.088672414238856412e+00 2.059025094129111011e+01
-4.594207048604921351e-01 -9.284015125070232965e-01 3.594037793533706449e-01 4.869400126424860975e-01 -1.895067430901973271e-01 -2.745844649563908835e-01
-9.643250390597286170e+00 -9.470873719700929172e+00 -9.315234797040933046e+00 1.357643032316626197e+00 -9.980226082432150037e+00 -1.387053137298376271e+01
-7.284184058336847123e+00 -7.515272159517368600e+00 -7.427860533380410857e+00 3.957487441740090262e+00 -9.565242500515932278e+00 -1.078729108915718626e+01
-9.601040865311624373e+00 -9.349035662012440184e+00 -9.399564572250920236e+00 2.109023960568498168e+00 -1.014983407074006649e+01 -1.392642257766910063e+01
-7.103272736212547400e+00 5.884874611718885262e+00 -6.870201535266330595e+00 -7.007162639723553355e+00 -9.061640674793387973e+00 -9.365785858041334677e+00
6.316421083758816390e-01 -9.127882173028007973e-01 6.070421841564674903e-01 -1.119644964120247721e-02 -2.838450927144098301e-01 -4.762393984093844512e-01
-7.938319268085531455e+00 5.722678561082189752e+00 -7.704269161029296598e+00 -7.876658879741745167e+00 -9.030388773317836737e+00 -9.966102478967588496e+00
-6.106593820273288564e+00 9.031609815058054380e+00 -5.976551506846776718e+00 -6.344228238271457876e+00 -9.369459745724466160e+00 -9.900902484959878791e+00
-7.383868835322246582e+00 5.876756389431349703e+00 -7.672236794228958878e+00 -7.614363698518659795e+00 -9.165919218171488581e+00 -1.070920768908800724e+01
-1.052690675332209125e+01 7.814824337617169991e-01 -1.047706863435409375e+01 -1.020294464267967705e+01 -1.231332933192859613e+01 -1.259638132525177312e+01
2.920272563089763018e-01 -8.665238726060722207e-01 -9.161753413434430282e-01 9.723780531586676545e-01 1.778912343070357949e-01 3.894239437982247587e-01
-9.791839397725837557e+00 2.591775454376516574e+00 -9.854088242733325842e+00 -9.728735411361640217e+00 -1.375269377042863361e+01 -1.068384844999149763e+01
-4.864471303008620851e+00 -5.010697915070780439e+00 -5.126361361772690195e+00 1.022822859468396750e+01 -4.967857801300662679e+00 -5.015862072502313751e+00
-3.736314090305774105e+00 -3.670104117784563247e+00 -4.027643854196295337e+00 1.241125960247677895e+01 -5.431294808660993567e+00 -5.898122091261445377e+00
-5.013837562564171790e+00 -5.359601116459821846e+00 -5.046016365661607495e+00 1.008103146503204073e+01 -9.314688942374129255e+00 -9.628498554962465761e+00
1.165081809183377004e-02 2.997704980626767490e-01 8.030789495583912085e-02 -2.457259186230382753e-01 8.285452043749503837e-01 -5.976515044545684940e-01
-3.789103973696106298e+00 -3.683397701564093296e+00 -3.677365889148936251e+00 -3.391211824615731008e+00 -4.298980564120695291e+00 -4.937632297596808328e+00
-1.944417711824678818e+00 1.585218572108750834e+01 -2.025462415202774480e+00 -1.960092804028301883e+00 -4.142990205809313764e+00 -3.119486672416460493e-02
-3.611308576896940181e+00 -3.713203175842505033e+00 -3.494002724878449762e+00 -3.510012182976327111e+00 -7.765139124847880936e+00 -5.212370822047472707e+00
-7.510117165053431521e-01 -6.980903481990706760e-01 -9.655134671440106509e-01 1.938434843187819467e+01 -5.584364769058899114e+00 -4.944189932123929765e+00
